1198551
1226119
1226315
1226704
1227133
1227583
1228695
1229147
1229479
1230114
1231037
1233622
1235174
1235619
1236103
1236628
1237270
1237891
1238524
1239125
1240137
1240948
1241222
1241910
1243346
1244437
1244871
1246231
1249538
1251849
1252235
1252728
1253508
1254131
1254782
1256406
1256987
1259328
1260237
1260555
1261604
1266034
1266457
1268443
1268990
1271204
1272715
1273003
1273208
1273353
1273945
1274180
1274941
1275519
1275787
1276120
1276581
1276859
1277049
1277330
1277761
1278371
1279545
1280125
1280649
1281140
1282532
1282949
1283484
1284356
1284802
1285221
1285680
1286226
1286700
1287432
1288493
1289040
1289508
1289929
1290300
1291050
1292069
1292563
1293683
1294097
1294524
1294963
1295466
1295560
1295697
1296003
1296153
1296293
1296429
1296564
1296805
1296944
1297105
1297259
1297360
1297493
1297601
1297759
1297936
1298162
1298371
1298675
1299127
1299286
1299488
1299820
1300074
1300585
1301700
1302615
1303571
1304012
1304494
1304890
1305706
1306156
1307150
1307453
1307637
1307925
1308148
1308504
1308716
1309716
1310743
1310913
1310997
1311602
1312377
1313508
1314001
1314350
1314812
1315343
1315905
1316492
1317982
1318556
1319223
1320057
1320783
1321548
1322238
1322843
1323454
1324078
1324688
1325333
1326025
1326972
1327406
1327796
1328444
1328744
1329194
1329780
1330395
1330927
1331522
1332157
1332793
1334359
1334875
1335351
1336052
1337445
1338208
1340726
1341381
1341958
1342565
1343160
1343690
1344790
1345211
1345647
1346215
1346434
1346598
1346796
1348015
1348653
1349181
1349501
1349938
1351672
1352140
1352688
1353243
1354141
1354479
1355505
1356436
1356681
1356912
1357395
1357752
1358084
1360062
1360227
1360533
1360709
1360844
1361087
1361236
1361471
1361763
1362048
1362202
1362343
1362486
1362636
1362779
1363337
1364406
1364589
1364897
1365154
1365344
1365717
1365820
1365972
1366092
1366198
1366269
1366466
1366587
1366677
1366795
1366871
1367040
1368026
1371255
1373363
1375729
1376469
1378002
1378584
1379285
1383707
1385004
1387002
1387700
1389383
1390562
1392359
1393653
1394083
1394932
1395641
1396215
1396924
1397637
1398252
1399264
1399954
1401154
1401487
1401848
1402821
1403980
1404401
1405027
1405812
1406171
1406640
1407416
1408098
1409723
1413197
1414674
1416118
1417602
1422274
1422996
1423189
1423410
1423686
1424199
1425345
1425586
1425661
1425677
1425760
1425958
1426290
1426797
1428214
1428372
1428476
1428708
1429138
1430492
1431218
1431855
1432958
1433047
1433138
1433195
1433304
1433415
1433477
1433527
1433596
1433748
1433897
1434026
1434237
1434625
1435142
1435311
1435550
1435735
1436018
1436830
1437370
1438707
1439802
1440738
1441988
1442863
1443307
1443693
1444018
1444259
1444382
1444530
1444697
1445262
1445993
1446250
1446923
1447787
1448044
1448402
1448559
1448680
1448799
1448957
1449131
1449274
1450038
1450221
1450378
1450526
1450725
1450872
1451037
1451222
1451418
1451517
1451731
1452315
1452800
1453876
1454999
1455229
1455454
1455632
1455770
1455927
1456157
1456315
1456491
1456740
1456879
1457017
1457130
1457437
1458285
1458695
1459049
1459337
1460988
1461854
1462123
1462738
1463315
1463430
1463561
1463740
1464012
1464978
1465140
1465270
1465296
1465368
1465547
1465673
1465816
1465966
1466126
1466286
1466430
1466619
1466863
1467120
1467269
1467485
1467661
1467815
1467998
1468150
1468436
1468587
1469284
1469307
1469397
1469563
1469750
1469942
1470118
1470289
1470570
1470872
1471009
1471146
1471481
1471675
1471810
1472235
1472359
1472502
1472655
1473025
1473169
1473325
1473505
1473769
1474079
1474302
1474799
1474947
1475083
1475210
1475369
1475536
1475723
1475896
1476079
1476380
1476568
1476745
1476910
1477082
1477276
1477490
1477690
1477871
1478395
1478624
1478787
1478981
1479291
1479536
1479766
1479939
1480111
1480295
1480483
1480810
1481241
1482968
1483245
1483448
1483685
1483896
1484099
1484259
1484417
1484560
1484756
1484931
1485125
1485289
1485907
1486754
1489246
1489426
1489557
1489678
1489804
1489954
1490193
1490366
1490420
1490522
1490616
1490736
1491048
1491316
1491542
1491742
1491961
1492271
1492442
1492592
1493163
1493459
1493823
1494323
1495452
1496275
1497011
1497775
1498605
1499726
1500474
1501614
1502276
1504175
1504783
1505340
1507490
1508089
1509179
1510260
1511307
1511879
1513354
1513836
1514516
1514936
1515323
1515830
1516283
1516822
1518879
1519709
1520041
1520488
1520852
1521679
1522125
1522575
1523646
1524114
1524567
1525068
1526846
1527372
1527986
1528672
1529860
1530451
1531899
1533113
1533826
1534439
1536367
1537589
1538300
1539234
1540099
1541461
1542222
1542980
1543727
1544604
1545238
1546862
1547707
1548627
1549585
1550504
1551674
1552699
1553735
1554814
1555933
1557554
1558679
1559729
1560565
1561434
1562271
1562690
1563141
1563971
1564156
1564368
1564553
1564797
1564882
1564980
1565204
1565507
1565784
1566087
1566759
1567172
1567909
1569826
1570143
1571568
1571978
1572724
1573500
1574286
1575080
1576937
1577612
1578302
1578896
1579470
1580039
1580668
1581266
1583302
1584024
1584790
1585525
1586264
1587124
1589813
1590450
1591281
1592712
1593453
1594196
1594837
1595483
1596064
1598218
1599551
1600320
1601086
1601566
1602226
1603330
1603828
1604378
1605007
1605596
1606006
1606787
1607177
1607556
1608669
1609011
1609335
1609686
1610009
1610791
1611472
1611900
1612261
1612871
1614716
1615145
1615831
1616215
1616785
1617357
1617703
1619412
1619954
1621850
1623782
1624447
1625143
1626334
1627129
1627455
1628442
1629017
1629655
1630314
1630972
1633775
1634266
1634878
1637064
1638318
1639028
1640129
1640890
1641393
1641728
1642067
1642229
1642362
1642527
1643043
1643596
1644302
1646584
1648508
1649883
1650878
1651835
1652665
1654142
1655907
1656786
1657426
1658060
1659076
1659909
1661055
1661992
1663115
1664113
1664704
1666577
1667158
1667657
1668225
1668703
1669429
1671486
1672252
1673426
1674568
1676486
1677204
1682009
1683559
1684072
1684807
1686047
1686399
1686646
1686977
1687207
1687370
1687485
1687806
1688043
1688889
1690648
1691243
1692054
1693112
1693555
1693817
1693964
1694119
1694345
1694433
1694592
1694718
1694841
1694974
1695669
1696020
1696535
1697059
1697550
1697973
1698161
1698830
1699135
1699284
1699460
1699529
1699867
1700017
1700415
1700561
1701278
1702483
1702686
1702851
1703687
1704806
1704971
1705085
1705250
1705410
1705589
1705668
1705911
1706140
1706771
1707140
1709355
1711411
1712082
1712293
1712416
1712639
1713717
1713895
1714096
1715649
1716097
1716650
1716810
1717076
1717425
1717938
1718552
1718735
1719457
1720111
1720384
1720827
1721296
1721545
1722062
1722624
1722891
1723395
1723691
1723952
1724828
1725883
1728248
1729355
1730070
1730817
1731098
1731582
1732729
1733894
1734525
1735117
1735859
1736840
1737690
1738641
1739642
1740348
1740531
1740545
1740625
1740813
1741242
1741451
1742379
1742567
1742872
1743475
1743657
1743889
1744329
1745097
1745845
1746711
1747761
1748268
1748568
1748758
1749098
1749471
1749626
1749999
1750130
1750682
1750710
1750825
1750930
1751148
1751214
1751329
1751368
1751684
1752229
1753022
1753885
1754336
1754366
1754452
1754565
1754700
1754711
1754774
1755158
1755160
1755163
1755165
1755167
1755172
1755174
1755184
1755191
1755232
1755293
1755390
1755451
1755478
1755516
1755614
1755674
1755726
1755803
1755858
1755897
1755997
1756057
1756166
1756250
1756429
1756519
1756549
1756695
1756756
1756822
1756899
1756928
1757206
1757770
1757999
1758185
1758390
1759015
1759320
1759484
1759651
1760242
1763017
1763954
1765867
1766706
1767506
1768373
1768851
1770595
1771267
1771528
1771846
1772348
1772750
1773291
1773533
1773732
1773921
1774154
1774734
1774972
1775291
1775390
1775538
1775918
1776110
1776340
1777749
1778186
1778642
1779071
1779435
1779951
1780341
1780770
1780913
1781210
1782515
1783059
1783867
1784580
1785029
1785421
1785946
1786633
1786775
1786968
1787269
1787432
1787821
1788061
1788238
1788390
1788542
1788693
1788833
1789009
1789176
1789565
1789755
1790071
1790369
1790597
1790692
1790918
1791116
1791497
1791763
1792104
1792371
1792662
1793103
1793459
1793702
1794476
1795322
1796087
1796721
1796984
1798343
1799690
1800270
1801034
1801860
1802141
1802523
1802890
1803071
1803332
1803775
1804186
1804852
1805120
1805633
1807636
1810994
1813582
1814567
1815486
1816413
1817931
1819257
1819984
1820682
1821451
1822211
1824348
1824755
1825140
1825721
1826313
1827043
1827686
1828954
1830589
1831308
1831923
1832507
1832865
1833256
1833790
1834619
1835303
1836931
1837640
1838296
1838673
1839105
1840231
1840811
1841293
1841430
1841800
1842185
1842790
1843464
1843771
1843990
1844163
1844914
1845367
1845976
1846125
1846291
1846692
1847600
1849117
1849846
1850298
1850836
1851607
1852273
1852475
1852656
1852907
1853086
1853339
1853575
1853885
1854364
1854657
1854913
1855042
1855335
1855722
1855846
1856134
1856403
1856551
1856888
1857350
1857754
1858274
1858980
1859388
1859821
1860160
1860713
1861504
1861983
1862534
1863624
1864810
1865068
1865338
1865562
1866086
1866633
1867476
1868298
1868842
1869251
1869803
1870743
1871445
1871744
1872149
1872495
1873088
1874078
1875139
1875463
1875513
1875703
1875807
1876091
1877085
1877528
1877967
1878228
1878621
1878836
1879114
1879449
1879867
1880449
1880825
1881057
1881683
1881997
1882560
1883136
1885045
1885452
1885874
1886393
1886910
1887227
1887664
1888152
1888618
1888829
1889263
1890134
1890734
1891257
1891700
1892392
1892853
1893381
1894343
1894921
1895313
1895568
1896018
1897049
1897374
1897703
1898138
1898620
1898871
1899307
1899936
1900288
1900423
1900625
1900748
1900954
1901059
1901156
1901370
1902300
1905108
1906653
1908107
1908386
1908511
1908585
1908677
1908806
1908941
1909138
1909274
1909329
1909404
1909510
1909682
1909762
1909834
1909967
1910103
1910177
1910392
1910872
1911015
1911098
1911142
1911191
1911308
1911437
1911528
1911615
1911694
1911811
1911918
1912024
1912242
1912309
1912438
1912520
1912607
1912658
1912787
1913236
1913322
1913398
1913454
1913497
1913549
1913674
1913800
1913895
1913996
1914086
1914148
1914234
1914283
1914330
1914392
1914488
1914802
1915073
1915221
1915352
1915457
1915605
1915729
1915841
1916076
1916488
1916678
1916869
1917037
1917162
1917289
1917412
1917504
1917703
1917858
1918028
1918154
1918226
1918341
1918544
1918610
1918702
1918796
1918885
1919030
1919913
1921885
1922620
1925488
1926638
1927704
1930099
1931022
1931829
1933472
1934235
1934726
1935484
1936320
1938918
1939829
1943456
1945067
1947187
1948076
1948794
1950447
1951403
1952269
1953170
1954043
1954869
1956487
1957204
1958146
1959882
1960756
1961774
1963654
1964468
1965127
1965772
1966522
1967148
1967861
1968508
1969485
1970339
1971174
1973111
